# This file is used to specify the glyph files, offset, type, etc.
# 'File Path' and 'Type' are mandatory
# 'Offset' and 'Name' are optional


- 
 File Path : '../Data/Experiment_Data/Markers - Gray/Marker_1_Gray.pat'
 Type : Glyph
 Offset : [1.0000,0.0000,0.0000,0.0000,   0.0000,1.0000,0.0000,0.0000,   0.0000,0.0000,1.0000,-2.5000,   0.0000,0.0000,0.0000,1.0000]
 Name : "Side_1"
- 
 File Path : "../Data/Experiment_Data/Markers - Gray/Marker_2_Gray.pat"
 Type : Glyph
 Offset : [1.0000, 0.0000, 0.0000, 0.0000,    0.0000, 0.4471, 0.8945, 0.0000,    0.0000, -0.8945, 0.4471, -2.5000,   0.0000, 0.0000, 0.0000, 1.0000]
 Name : "Side_2"
-
 File Path : '../Data/Experiment_Data/Markers - Gray/Marker_3_Gray.pat'
 Type : Glyph
 Offset : [0.3090, 0.9511, 0.0000, 0.0000,    -0.4252, 0.1382, 0.8944, 0.0000,    0.8507, -0.2764, 0.4472, -2.5000,    0.0000, 0.0000, 0.0000, 1.0000]
 Name : "Side_3"
-
 File Path : '../Data/Experiment_Data/Markers - Gray/Marker_4_Gray.pat'
 Type : Glyph
 Offset : [-0.8090, 0.5878, -0.0001, 0.0000,   -0.2628, -0.3617, 0.8944, 0.0000,   0.5258, 0.7236, 0.4471, -2.5000,   0.0000, 0.0000, 0.0000, 1.0000]
 Name : "Side_4"
-
 File Path : '../Data/Experiment_Data/Markers - Gray/Marker_5_Gray.pat'
 Type : Glyph
 Offset : [-0.8090, -0.5878, 0.0001, 0.0000,     0.2628, -0.3617, 0.8944, 0.0000,     -0.5258, 0.7236, 0.4471, -2.5000,     0.0000, 0.0000, 0.0000, 1.0000]
 Name : "Side_5"
-
 File Path : '../Data/Experiment_Data/Markers - Gray/Marker_6_Gray.pat'
 Type : Glyph
 Offset : [0.3090, -0.9511, 0.0000, 0.0000,      0.4252, 0.1382, 0.8944, 0.0000,      -0.8507, -0.2764, 0.4472, -2.5000,     0.0000, 0.0000, 0.0000, 1.0000]
 Name : "Side_6"
-
 File Path : '../Data/Experiment_Data/Markers - Gray/Marker_7_Gray.pat'
 Type : Glyph
 Offset : [0.8090, -0.5878, 0.0001, 0.0000,  -0.2628, -0.3617, 0.8944, 0.0000,  -0.5258, -0.7236, -0.4471, -2.5000,   0.0000, 0.0000, 0.0000, 1.0000]
 Name : "Side_7"
-
 File Path : '../Data/Experiment_Data/Markers - Gray/Marker_8_Gray.pat'
 Type : Glyph
 Offset : [-0.3090, -0.9511, 0.0000, 0.0000,  -0.4252, 0.1382, 0.8944, 0.0000,  -0.8507, 0.2764, -0.4472, -2.5000,  0.0000, 0.0000, 0.0000, 1.0000]
 Name : "Side_8"
-
 File Path : '../Data/Experiment_Data/Markers - Gray/Marker_9_Gray.pat'
 Type : Glyph
 Offset : [-1.0000, 0.0000, 0.0000, 0.0000,  0.0000, 0.4480, 0.8961, 0.0000,  0.0000, 0.8677, -0.5007, -2.5000,  0.0000, 0.0000, 0.0000, 1.0000]
 Name : "Side_9"
-
 File Path : '../Data/Experiment_Data/Markers - Gray/Marker_10_Gray.pat'
 Type : Glyph
 Offset : [-0.3090, 0.9511, 0.0000, 0.0000,  0.4252, 0.1382, 0.8944, 0.0000,  0.8507, 0.2764, -0.4472, -2.5000,  0.0000, 0.0000, 0.0000, 1.0000]
 Name : "Side_10"
-
 File Path : '../Data/Experiment_Data/Markers - Gray/Marker_11_Gray.pat'
 Type : Glyph
 Offset : [0.8090, 0.5878, -0.0001, 0.0000,  0.2628, -0.3617, 0.8944, 0.0000,  0.5258, -0.7236, -0.4471, -2.5000,  0.0000, 0.0000, 0.0000, 1.0000]
 Name : "Side_11"
-
 File Path : '../Data/Experiment_Data/Markers - Gray/Marker_12_Gray.pat'
 Type : Glyph
 Offset : [-1.0000, 0.0000, 0.0000, 0.0000,  0.0000, -1.0000, 0.0000, 0.0000,  0.0000, 0.0000, -1.0000, -2.5000,  0.0000, 0.0000, 0.0000, 1.0000]
 Name : "Side_12"
-
 File Path : '../Data/Experiment_Data/World Marker.pat'
 Type : Glyph
 Name : 'world'